8191 131071
72883 27809
104729 99709
131071 524287
524287 6700417
2147483647 6700417
67280421310721 2147483647
67280421310721 170141183460469231731687303715884105727
170141183460469231731687303715884105727 20988936657440586486151264256610222593863921
20988936657440586486151264256610222593863921  6864797660130609714981900799081393217269435300143305409394463459185543183397656052122559640661454554977296311391480858037121987999716643812574028291115057151
6864797660130609714981900799081393217269435300143305409394463459185543183397656052122559640661454554977296311391480858037121987999716643812574028291115057151 531137992816767098689588206552468627329593117727031923199444138200403559860852242739162502265229285668889329486246501015346579337652707239409519978766587351943831270835393219031728127
